0) 0 0 0, 0 0 0, 0 0 0, 0       timestamp
1) 0 0 5, 0 0 5, 0 0 0, 0       25
2) 20 54 0, 0 0 5, 0 0 0, 0     38 13
3) 30 59 -5, 0 0 10, 0 0 0,0    45 7
4) 40 36 8, -10 0 10, 0 0 0,0    60 15
5) 30 0 0, -10 0 15, 0 0 0,0    72 12
6) 30 0 10, -20 10 0, 0 0 0,0    80 8
7) 25 0 -15, -20 20 -20, 0 0 0,0    90 10

8) 0 0 -10, 0 70 -30, 0 0 0, 0 100 10
9) -5 0 0, 40 60 -10, 0 0 0, 0 111 11
10) -12 0 25, 35 20 -20, 0 0 0, 0 121 10
11) -24 0 12, 25 10 -30, 0 0 0, 0 131 10
12) 18 0 -15, 18 15 -30,  0 0 0, 0 141 10
13) == 8


250 timestamps en 10 seg
dt = 0,04ms

empiezo de nuevo
// primer paso
0) 00 00 00, 00 00 00, 00 00 00, 00       timestamp
1) 00 00 05, 00 00 05, 00 00 00, 00       10
2) 00 00 08, 00 00 08, 00 00 00, 00       20
3) 00 00 08, 25 10 15, 00 00 00, 00       30
4) 0 0 0, 0 0 0, 0 0 0, 0       timestamp
5) 0 0 0, 0 0 0, 0 0 0, 0       timestamp
6) 0 0 0, 0 0 0, 0 0 0, 0       timestamp
7) 0 0 0, 0 0 0, 0 0 0, 0       timestamp
8) 0 0 0, 0 0 0, 0 0 0, 0       timestamp
9) 0 0 0, 0 0 0, 0 0 0, 0       timestamp
10) 0 0 0, 0 0 0, 0 0 0, 0       timestamp
11) 0 0 0, 0 0 0, 0 0 0, 0       timestamp
12) 0 0 0, 0 0 0, 0 0 0, 0       timestamp
13) 0 0 0, 0 0 0, 0 0 0, 0       timestamp
14) 0 0 0, 0 0 0, 0 0 0, 0       timestamp
15) 0 0 0, 0 0 0, 0 0 0, 0       timestamp






